350
19 17 58
147 197 89
183 26 59
92 173 159
22 18 167
61 88 10
111 132 152
97 82 173
89 83 119
109 18 190
104 119 139
170 64 132
124 7 21
191 4 108
36 7 109
131 158 83
49 67 26
118 176 127
64 195 168
19 65 71
0 27 167
108 9 102
35 122 87
168 16 122
154 31 66
79 186 163
14 10 31
23 65 88
163 116 129
87 130 78
96 93 12
81 128 170
52 96 71
101 150 36
8 129 79
35 195 104
154 106 195
134 123 77
55 41 170
4 110 184
101 123 178
197 192 16
50 118 89
128 173 28
198 156 120
112 38 175
114 158 141
36 160 72
55 77 37
146 174 63
1 7 44
154 65 116
93 160 30
88 35 78
169 39 62
120 37 106
87 144 34
146 179 185
181 32 101
77 1 38
53 10 83
25 90 162
112 35 70
29 16 41
32 33 19
148 105 179
156 58 90
51 181 110
80 81 29
44 172 186
35 140 101
28 92 150
143 80 70
48 111 154
52 88 31
34 11 159
151 45 196
60 109 20
149 184 101
4 148 23
77 197 119
49 19 89
89 76 155
39 126 57
101 167 22
70 93 15
164 87 51
93 73 7
199 97 100
181 99 187
26 167 100
71 144 26
143 46 77
135 46 69
90 6 99
21 11 148
87 68 7
24 38 171
165 85 26
121 196 178
75 114 144
192 193 72
67 98 50
74 22 195
115 18 155
46 84 42
127 104 15
146 65 26
103 78 43
100 172 193
161 198 176
63 8 71
118 123 92
182 136 169
90 28 190
146 110 72
5 96 117
35 127 87
33 137 52
173 151 13
195 33 128
99 8 165
140 135 69
52 47 144
162 20 66
156 30 31
83 101 170
18 126 62
104 76 161
15 45 0
136 188 143
62 127 69
81 74 96
186 25 29
50 116 79
101 25 114
60 38 144
161 92 106
31 38 114
179 40 32
135 143 41
78 2 134
85 195 143
9 53 117
141 100 191
80 49 72
107 126 130
162 103 19
121 94 175
94 144 194
38 182 3
40 16 9
42 38 173
131 68 128
58 49 106
0 141 77
59 64 21
69 140 81
100 29 27
80 99 74
32 127 59
120 198 148
104 29 97
191 10 192
15 81 6
62 81 153
38 65 51
103 188 37
9 161 116
171 66 54
59 40 185
143 136 40
156 100 33
121 149 136
29 153 113
59 67 28
193 92 153
66 196 44
115 28 57
140 18 69
170 179 190
101 64 70
99 118 197
179 166 68
80 125 139
147 165 23
178 160 93
194 37 187
119 81 57
162 0 114
138 171 88
7 72 90
149 4 29
145 170 71
87 188 92
79 137 119
127 150 187
52 150 75
1 163 11
49 12 163
187 75 17
85 92 107
152 177 2
110 56 42
5 93 66
44 16 170
80 0 133
78 87 48
183 135 172
142 16 189
151 88 40
151 191 162
74 168 182
153 158 10
54 53 127
99 120 136
111 148 27
87 101 55
114 166 132
197 94 100
108 91 155
19 156 5
123 183 59
170 40 13
97 69 181
41 154 149
139 138 103
73 172 125
62 178 91
169 124 149
47 41 63
86 85 139
18 113 30
39 153 17
50 16 132
135 87 121
46 123 72
43 34 106
179 127 123
96 125 92
180 129 12
82 154 42
56 95 164
135 26 116
17 39 30
44 192 36
66 76 69
4 111 116
195 118 32
170 150 32
164 50 59
86 3 170
189 194 186
148 92 14
13 5 17
80 158 112
137 32 45
105 116 38
98 167 39
129 81 123
45 184 13
20 92 42
65 22 75
36 128 119
145 152 27
172 119 189
105 43 117
84 177 184
69 146 10
71 7 182
61 183 128
175 71 20
41 0 127
136 69 15
48 164 26
46 23 150
150 57 77
87 105 181
20 187 43
70 156 108
12 23 94
172 11 59
196 177 145
107 199 9
93 80 185
52 137 155
181 13 4
72 58 12
199 12 28
67 29 6
90 197 146
199 177 32
112 53 44
10 125 18
195 110 122
49 162 11
21 105 72
61 100 113
56 173 54
165 180 33
190 124 69
30 192 9
38 18 36
49 164 2
117 96 78
28 12 191
33 54 26
124 44 123
160 131 133
27 114 41
105 116 75
155 177 111
185 163 17
184 1 13
71 75 145
70 0 89
88 135 111
54 194 198
2 11 86
69 141 17
23 4 85
188 192 25
1 55 192
152 50 142
63 154 29
45 40 186
26 132 65
0 143 6
121 148 19
159 3 191
161 62 99
156 141 43
108 197 113
47 81 70
89 193 162
4 126 126
148 24 8
162 72 117
95 195 85
112 116 87
8 106 60
74 76 143
68 11 74
178 15 137
160 29 65
20 192 92
156 139 35
154 130 94
72 128 169
92 106 74